0.2990 -7.8317 1.8942 0.4459 16.0866
9.4898 1.5309 -5.5516 -8.7220 -18.1737
5.1251 7.8738 5.1599 0.3650 9.9037
1.4500 -5.1022 6.3582 -2.6154 13.5512
8.5065 -0.9662 2.8128 -0.6900 15.9670
-5.8406 -2.6827 -0.9292 7.6945 18.6845
4.7114 6.8113 -7.0520 0.1589 -8.2805
1.6720 8.6257 -9.2815 -5.7476 -31.2450
-7.4743 5.6670 8.1917 1.9775 8.0898
9.8631 -5.8855 1.9749 -2.1496 17.3370
8.5575 -2.1064 1.2007 1.4967 20.2066
9.6695 0.9401 -9.9413 6.1780 13.2625
3.7453 2.8684 8.6991 -2.2559 12.2857
9.2249 0.5320 -0.9182 5.1811 24.2684
1.7088 -2.6308 -3.5823 0.3184 3.7621
-7.4978 1.8177 0.4262 -0.9406 -7.0278
8.4770 7.6085 -9.9923 -7.2871 -28.3378
4.8965 -5.8669 -6.2957 -6.4956 -10.9192
-3.9035 0.5338 3.1556 -9.1450 -18.5665
-5.7751 -1.0775 4.4821 6.2597 21.6749
3.4877 -0.0342 0.8933 6.3311 24.6895
4.2040 -0.7648 6.5789 2.6150 25.3746
-6.6272 9.4105 -6.5730 -9.2631 -45.0549
7.2645 0.1319 -2.8234 -0.5160 5.6075
-6.7169 -4.5556 -7.1043 3.9423 1.0379
-2.1065 -9.4728 -0.7948 9.1594 33.0725
6.5406 5.1821 -0.0282 4.8539 17.4511
-6.9431 4.6978 6.7828 7.0057 20.0475
-1.0445 7.4895 -3.0852 -6.3243 -24.9726
-5.8161 1.4002 -2.2683 6.0985 8.6274
-6.6027 -2.4544 7.4356 -0.7879 9.0352
8.8084 7.9398 1.8825 -8.8691 -14.4802
-4.1857 2.3251 4.5782 -3.3587 -4.0403
-4.4434 -7.9325 7.1074 6.9940 35.6353
-5.6930 4.5443 -7.4662 -0.9101 -19.7119
8.1829 0.3925 4.7594 7.6931 38.1622
6.6903 -1.6043 2.1061 3.0971 23.1965
1.7385 -6.2513 7.0514 -2.9484 15.1960
8.1979 2.4574 6.0155 5.3334 32.0973
-0.6902 -6.9927 -9.4436 9.8246 20.6986
-1.9708 2.0849 -0.5849 8.1987 19.5638
3.6419 4.8835 0.3889 7.1235 21.1505
2.6805 -3.1918 2.9862 6.5189 30.6487
-7.8500 -6.5191 1.0820 -0.8496 2.1682
6.2289 -8.1671 0.3267 -0.3835 17.9274
-2.9571 -3.1570 1.2602 9.7836 30.5493
8.1656 -5.5417 7.0732 7.9638 48.2268
-2.7247 4.1660 -5.4911 -1.5461 -14.9927
5.5008 4.2324 3.7334 -9.2410 -12.2339
-2.4385 -1.2027 8.0252 -8.2373 -5.7912
